Mean=[0.16029218999999997, 5.869980419999999, 10.355119540000002, 0.27011812, 6.229011610000003, 10.59937837, 0.23782492999999982, 6.225971389999999, 10.625988849999997, 0.2307717900000001, 7.989660139999999, 10.733669170000002, 0.20572049000000003, 6.3208512400000005, 10.355395050000002]

STD dev=[0.06514356603976848, 0.5496879913927147, 0.34381552674226185, 0.1090125738692634, 0.5742748634328215, 0.29001367408234485, 0.0904980268867172, 0.5783304816608918, 0.2865525950241565, 0.08775904393836374, 0.8336894015795577, 0.2969219238683767, 0.0908932639444456, 0.5835633816064558, 0.2484749669948229]

Min= [0.026320999999999997, 4.914795, 9.634553, 0.012581, 5.234483, 9.983834, 0.012891999999999999, 5.223661, 10.021515, 0.012627, 6.670185, 10.132902, 0.013080999999999999, 5.317004, 9.810565]

Max= [0.275709, 6.795431, 10.914941, 0.410273, 7.210441, 11.063503, 0.380613, 7.201878, 11.092491, 0.336789, 9.652511, 11.024818, 0.387803, 7.308241, 10.740409]
