Mean=[0.13849533000000003, 7.580418610000001, 10.101574190000001, 0.3610179199999999, 7.096487900000003, 10.999863240000002, 0.38272177000000007, 8.044174319999998, 10.384524159999998, 0.21193801999999995, 6.763976640000001, 10.600857830000002, 0.24658962999999987, 6.538535529999999, 10.469060740000002]

STD dev=[0.0809080547949843, 0.7691972249707122, 0.4492064176768117, 0.16090131433270996, 0.6680173771107978, 0.20227240069678012, 0.17634058400209265, 0.7563788718709062, 0.43147850965169393, 0.0860070228472658, 0.6707976114519993, 0.14745399428056888, 0.1345335983816243, 0.8306582434242594, 0.3519295658481582]

Min= [0.0152, 6.280574, 9.316362, 0.013944999999999999, 5.906724, 10.516318, 0.016426, 6.751549, 9.625405, 0.013375999999999999, 5.613345, 10.256261, 0.006817999999999999, 5.2979199999999995, 9.759771]

Max= [0.298493, 8.917269, 10.848078, 0.582185, 8.200611, 11.299716, 0.654754, 9.373377, 11.114592, 0.345939, 7.892593, 10.827826, 0.467813, 8.071671, 11.055444]
