Mean=[0.2769147199999999, 7.187654240000001, 11.194084329999999, 0.16117918, 6.571993819999998, 10.746204120000005, 0.3113055299999999, 8.710043730000002, 10.992156139999997, 0.19005989000000006, 8.12003563, 10.261147270000004, 0.4743767100000001, 8.38195777, 11.300419350000004]

STD dev=[0.09713504914106946, 0.6944727327875128, 0.17449829362981825, 0.07022198097525079, 0.6410608951121787, 0.24514430845422583, 0.12260366916391058, 1.0491975874058903, 0.29245575493017434, 0.08342350930139232, 0.8681211886682417, 0.3985201296859243, 0.24399895402380942, 0.983933605211563, 0.11038061714385407]

Min= [0.027911, 5.964648, 10.74003, 0.034657, 5.440198, 10.175434, 0.043580999999999995, 6.935691, 10.443588, 0.0295, 6.75765, 9.468882, 0.026802, 6.928708, 11.013052]

Max= [0.400061, 8.361518, 11.433165, 0.273347, 7.635141, 11.099775, 0.502697, 10.16252, 11.470874, 0.33398, 9.72958, 10.929746, 0.9115139999999999, 10.141869, 11.457637]
