Mean=[0.28739071, 5.474441840000003, 8.533810860000003, 0.25007400999999996, 7.376249660000001, 10.9076292, 0.24052761, 7.255913220000002, 10.807705169999998, 0.14774412000000006, 7.974302909999999, 10.241142669999999, 0.16320247000000004, 6.434204239999999, 10.564415009999998]

STD dev=[0.15574524887636707, 0.547200437992096, 0.11074964846504805, 0.11697719299936207, 0.6769559463969171, 0.0817447120271644, 0.10088246426950911, 0.6761158889407892, 0.1356263848548245, 0.06778218510375718, 0.7655353271306637, 0.4214781411557929, 0.07345321186154402, 0.6964111866369852, 0.2235408584744744]

Min= [0.028978999999999998, 4.63455, 8.247727, 0.029016999999999998, 6.214559, 10.707124, 0.026213, 6.065601, 10.441401, 0.025483, 6.668318, 9.512892, 0.026196, 5.234712, 10.07007]

Max= [0.6196269999999999, 6.378595, 8.630098, 0.489197, 8.534772, 11.015606, 0.365482, 8.392044, 10.983683, 0.26784399999999997, 9.299434, 10.965305, 0.293755, 7.640263, 10.917386]
