Mean=[0.10668880999999997, 3.614711809999999, 6.586179520000003, 0.09943734000000001, 3.4228424199999994, 6.4880629400000025, 0.09395885999999999, 4.068857329999999, 6.85695316, 0.13069546, 4.208517910000002, 7.159219339999998, 0.1362097, 3.9074526200000004, 6.8036863599999995]

STD dev=[0.04403839796412176, 0.2816467575788162, 0.07120079290551001, 0.039944172575885464, 0.21581097867132323, 0.07225733664680209, 0.02379037151429718, 0.2534937788062576, 0.07697553639886724, 0.04497904363963019, 0.22696936954705532, 0.0861762030212283, 0.07780315657179566, 0.21884667863287766, 0.15040034555969328]

Min= [0.020021, 3.207664, 6.399034, 0.02541, 3.065144, 6.29553, 0.060049, 3.651104, 6.627666, 0.030085999999999998, 3.814405, 6.93611, 0.021511, 3.545805, 6.492496]

Max= [0.198096, 4.099944, 6.671514, 0.164659, 3.787866, 6.570087, 0.155682, 4.497753, 6.943305, 0.190084, 4.593347, 7.283875, 0.26748099999999997, 4.27627, 7.048109]
