Mean=[0.20034518999999995, 8.582849390000003, 15.736113140000008, 0.13364941999999994, 8.753509930000002, 15.98848767, 0.13528773000000005, 8.243193579999998, 15.965659490000002, 0.10277836999999997, 8.614923009999998, 16.319244330000007, 0.11829047999999996, 8.078932240000004, 15.875115700000004]

STD dev=[0.05093814767558889, 0.54972880968622, 0.25613277142489677, 0.03699069491898598, 0.19060240688757968, 0.13728506656787756, 0.030475164645640367, 0.02422390218804058, 0.05999130796139609, 0.03564090409742602, 0.3966241626731937, 0.0980241157616308, 0.039665239506916, 0.045621455580186654, 0.05665299704064086]

Min= [0.084336, 7.784597, 15.214564, 0.050054999999999995, 8.425959, 15.684715, 0.061409, 8.19161, 15.863681, 0.037348, 7.997313, 16.101753, 0.044454999999999995, 7.994232, 15.779086]

Max= [0.274561, 9.487025, 16.158332, 0.18120999999999998, 9.068384, 16.209021, 0.18015299999999998, 8.274895, 16.066352, 0.16211299999999998, 9.437903, 16.468491, 0.185636, 8.12964, 15.965769]
