Mean=[0.09741016000000002, 3.977897199999999, 6.1800094499999965, 0.14500333999999995, 3.8118626399999993, 6.351279719999997, 0.12971449999999993, 3.5565114000000007, 6.478145139999999, 0.09186853000000009, 3.9590390600000007, 6.14685075, 0.12118536, 3.6312036600000006, 6.704242050000001]

STD dev=[0.044277765671987504, 0.3710484082720095, 0.1464405771405593, 0.041170134066761926, 0.19304219849396723, 0.21218066109604133, 0.0632073499992627, 0.21836965766490288, 0.06955117726893884, 0.03483943348860845, 0.25958783345759573, 0.24663397745816742, 0.050589850438445085, 0.21440094344857907, 0.16256974500359164]

Min= [0.019205, 3.135948, 5.8754729999999995, 0.047067, 3.496031, 5.932485, 0.011684, 3.207634, 6.305388, 0.021119, 3.525495, 5.641034, 0.047721, 3.2781409999999997, 6.38855]

Max= [0.18145799999999998, 4.5404979999999995, 6.425246, 0.19688699999999998, 4.142453, 6.681171, 0.253862, 4.021877, 6.571588, 0.14405199999999999, 4.412511, 6.542954, 0.217003, 4.00602, 6.968396]
