Mean=[0.11854440999999996, 3.6033606400000013, 6.417601410000002, 0.10622155999999999, 4.06474216, 7.083554979999999, 0.08734554999999997, 3.6466704699999997, 6.57847894, 0.09340164999999997, 3.810471310000001, 6.624267449999999, 0.11209362999999999, 3.90433098, 6.774375990000001]

STD dev=[0.038057106572738655, 0.22077753520629784, 0.14699102679416157, 0.0383517257026343, 0.20593450467954733, 0.14875019291626432, 0.03901060027590403, 0.11948752953523405, 0.06169251302180724, 0.040815035828779385, 0.18599437626703544, 0.18828074817125295, 0.044708263878881924, 0.2072258817576169, 0.08754558984023492]

Min= [0.022560999999999998, 3.230875, 6.120577, 0.023502, 3.715479, 6.798885, 0.009491, 3.454386, 6.471584, 0.0178, 3.501135, 6.26077, 0.025727999999999997, 3.540997, 6.607308]

Max= [0.18223999999999999, 3.995826, 6.652753, 0.161289, 4.412345, 7.239028, 0.147171, 3.864124, 6.676185, 0.158908, 4.126386, 6.943449, 0.17041499999999998, 4.258352, 6.919934]
