Mean=[0.17051301000000005, 10.243859999999994, 19.06004382, 0.10457564999999999, 11.664916510000001, 20.73627802, 0.11722998999999999, 10.027069689999996, 18.410141499999998, 0.18333481000000001, 9.921082089999999, 18.773723670000003, 0.10361956000000001, 11.522987180000005, 19.52712982999999]

STD dev=[0.049570562151238486, 0.7714486518181495, 0.24645612940308695, 0.049202842745001966, 0.7322556090331125, 0.3819352307250663, 0.03303402004010411, 0.38791008297304597, 0.18765133207220958, 0.07345498198610968, 0.45269938539419824, 0.2503226990341437, 0.04326938181477438, 0.6565384105290165, 0.494790140002974]

Min= [0.051174, 9.119138, 18.539723, 0.012072, 10.59112, 19.742661, 0.037043, 9.265873, 17.998124, 0.052953, 9.117838, 18.145526, 0.021529, 10.371337, 18.580241]

Max= [0.231547, 11.644218, 19.450229, 0.19982899999999998, 13.150101, 21.087781, 0.162959, 10.598135, 18.700262, 0.32717999999999997, 10.843129, 18.997394, 0.172095, 13.108239, 20.337867]
