Mean=[0.09997376, 3.277144380000001, 6.177766190000001, 0.13838924000000002, 3.3188464100000004, 6.292308950000002, 0.11712625999999998, 3.65435141, 6.5408458499999975, 0.11848736, 3.41230034, 6.5299736600000005, 0.11099254999999998, 3.7345437699999984, 6.4418350800000015]

STD dev=[0.033942469058396464, 0.07503763215998603, 0.03986694112875395, 0.04346494748020489, 0.15226638088129887, 0.05498584843198616, 0.04009382573203394, 0.16906731616917675, 0.10796995268132514, 0.036123819642530336, 0.028207873574954308, 0.020152167208927325, 0.04102296377144676, 0.20454258397267627, 0.16096312835714507]

Min= [0.022344, 3.14399, 6.104571, 0.025875, 3.000849, 6.194197, 0.027776, 3.375276, 6.25329, 0.024909, 3.371373, 6.494051, 0.026685999999999998, 3.395489, 6.089434]

Max= [0.16325399999999998, 3.401727, 6.228842, 0.20607399999999998, 3.534232, 6.376793, 0.175181, 3.947116, 6.632743, 0.171821, 3.474175, 6.56058, 0.176981, 4.090333, 6.686031]
